# transform file /autofs/vast/freesurfer/test/recons/bert/7.2.0/bert/mri/transforms/cc_up.lta
# created by ah221 on Tue Jul 13 18:25:41 2021

type      = 0 # LINEAR_VOX_TO_VOX
nxforms   = 1
mean      = 128.0000 127.0000 116.0000
sigma     = 10000.0000
1 4 4
9.985126852989197e-01 5.349173024296761e-02 1.054689474403858e-02 -6.862892627716064e+00 
-5.348874628543854e-02 9.985683560371399e-01 -5.649804952554405e-04 3.608244705200195e+01 
-1.056201569736004e-02 5.820766785236131e-11 9.999443292617798e-01 1.436410903930664e+01 
0.000000000000000e+00 0.000000000000000e+00 0.000000000000000e+00 1.000000000000000e+00 
src volume info
valid = 1  # volume info valid
filename = /autofs/vast/freesurfer/test/recons/bert/7.2.0/bert/mri/norm.mgz
volume = 256 256 256
voxelsize = 1.000000000000000e+00 1.000000000000000e+00 1.000000000000000e+00
xras   = -1.000000000000000e+00 0.000000000000000e+00 0.000000000000000e+00
yras   = 0.000000000000000e+00 0.000000000000000e+00 -1.000000000000000e+00
zras   = 0.000000000000000e+00 1.000000000000000e+00 0.000000000000000e+00
cras   = 5.399719238281250e+00 1.800000000000000e+01 0.000000000000000e+00
dst volume info
valid = 1  # volume info valid
filename = /autofs/vast/freesurfer/test/recons/bert/7.2.0/bert/mri/norm.mgz
volume = 256 256 256
voxelsize = 1.000000000000000e+00 1.000000000000000e+00 1.000000000000000e+00
xras   = -1.000000000000000e+00 0.000000000000000e+00 0.000000000000000e+00
yras   = 0.000000000000000e+00 0.000000000000000e+00 -1.000000000000000e+00
zras   = 0.000000000000000e+00 1.000000000000000e+00 0.000000000000000e+00
cras   = 5.399719238281250e+00 1.800000000000000e+01 0.000000000000000e+00
