# transform file /autofs/vast/freesurfer/test/recons/bert/7.2.0/bert/mri/orig/001.lta
# created by ah221 on Tue Jul 13 16:32:07 2021

type      = 1 # LINEAR_RAS_TO_RAS
nxforms   = 1
mean      = 127.0000 147.0000 109.0000
sigma     = 10000.0000
1 4 4
1.000000000000000e+00 0.000000000000000e+00 0.000000000000000e+00 0.000000000000000e+00 
0.000000000000000e+00 1.000000000000000e+00 0.000000000000000e+00 0.000000000000000e+00 
0.000000000000000e+00 0.000000000000000e+00 1.000000000000000e+00 0.000000000000000e+00 
0.000000000000000e+00 0.000000000000000e+00 0.000000000000000e+00 1.000000000000000e+00 
src volume info
valid = 1  # volume info valid
filename = /autofs/vast/freesurfer/test/recons/bert/7.2.0/bert/mri/orig/001.mgz
volume = 256 256 256
voxelsize = 1.000000000000000e+00 1.000000000000000e+00 1.000000000000000e+00
xras   = -1.000000000000000e+00 0.000000000000000e+00 0.000000000000000e+00
yras   = 0.000000000000000e+00 0.000000000000000e+00 -1.000000000000000e+00
zras   = 0.000000000000000e+00 1.000000000000000e+00 0.000000000000000e+00
cras   = 5.399719238281250e+00 1.800000000000000e+01 0.000000000000000e+00
dst volume info
valid = 1  # volume info valid
filename = /autofs/vast/freesurfer/test/recons/bert/7.2.0/bert/mri/rawavg.mgz
volume = 256 256 256
voxelsize = 1.000000000000000e+00 1.000000000000000e+00 1.000000000000000e+00
xras   = -1.000000000000000e+00 0.000000000000000e+00 0.000000000000000e+00
yras   = 0.000000000000000e+00 0.000000000000000e+00 -1.000000000000000e+00
zras   = 0.000000000000000e+00 1.000000000000000e+00 0.000000000000000e+00
cras   = 5.399719238281250e+00 1.800000000000000e+01 0.000000000000000e+00
